0.000000 0.000000
-0.019709 5.405990
-0.012395 10.813758
-0.029436 10.831856
-0.011252 18.263222
-0.040754 18.277925
-0.027816 26.103259
-0.049806 26.122343
-0.017879 31.076880
-0.030868 31.094045
-0.070917 37.287068
-0.034850 37.304657
-0.053904 40.407584
-0.031039 40.424203
-0.079204 43.977744
-0.031646 43.993723
-0.033910 46.923535
-0.025357 46.939381
-0.055881 51.425096
-0.043551 51.440694
-0.080978 54.932676
-0.039971 54.947206
-0.129406 57.846251
-0.058564 57.860452
-0.059553 60.154022
-0.038293 60.167321
-0.044972 63.553409
-0.076768 63.567131
-0.077949 67.460456
-0.076719 67.473843
-0.050265 70.424747
-0.092095 70.437544
-0.049617 74.120652
-0.089334 74.133588
-0.038264 77.846747
-0.048072 77.860296
-0.076736 82.087936
-0.070451 82.101196
-0.058256 85.085524
-0.045536 85.099076
-0.012262 88.518727
-0.006475 88.532312
0.015416 95.994992
0.019470 96.010616
0.031181 102.664077
0.026833 102.680571
0.024543 107.351318
0.021857 107.371397
0.022127 112.640102
0.037206 112.660651
0.006553 118.224391
0.020492 118.245843
0.009771 128.448923
0.012072 128.471426
0.004380 136.819333
0.001934 136.842815
0.001071 149.320529
0.011768 149.346864
0.047228 174.612034
0.078556 174.626519
0.065196 178.424334
0.132229 178.437070
0.016716 181.671557
0.054062 181.682719
0.063696 188.095312
0.089940 188.108581
0.058883 191.379502
0.092578 191.390938
0.058603 194.802697
0.107382 194.814226
0.056897 198.227942
0.088707 198.239513
0.070397 201.707008
0.104954 201.718090
0.052294 204.831574
0.078665 204.842625
0.046046 208.457233
0.078026 208.470580
0.039528 212.329897
0.055050 212.343786
0.021033 216.499347
0.043875 216.514228
-0.014177 222.218560
-0.010025 222.234718
-0.042516 229.170194
-0.038800 229.187808
-0.018808 233.190791
-0.034125 233.209176
-0.025227 239.248117
-0.030286 239.265633
-0.030272 244.477462
-0.025632 244.495125
-0.015820 249.243634
-0.017245 249.261915
-0.002703 255.838607
-0.013137 255.857437
-0.028187 271.785442
-0.042223 271.800955
-0.048050 276.718880
-0.073820 276.733290
-0.057035 280.509036
-0.069677 280.522899
-0.094119 283.975607
-0.080205 283.989443
-0.094571 286.680240
-0.077273 286.691825
-0.096896 289.374397
-0.104502 289.386969
-0.077519 292.036273
-0.057694 292.048362
-0.113131 295.012997
-0.021438 295.026493
-0.013398 297.474730
-0.029006 297.487970
-0.046453 304.620254
-0.045229 304.634969
-0.003583 308.465210
-0.006490 308.479696
0.000643 322.288909
0.002224 322.308271
-0.009147 354.894920
-0.007499 354.914510
-0.018973 363.550532
-0.023923 363.568299
-0.061814 369.562307
-0.042028 369.579502
-0.076318 372.895067
-0.082654 372.908424
-0.070665 375.901625
-0.078103 375.913906
-0.184464 379.019977
-0.096572 379.031745
-0.082136 380.952360
0.031565 380.964096
-0.087162 383.841081
-0.124771 383.851985
-0.122510 386.656610
-0.131919 386.668198
-0.113510 389.029135
-0.119142 389.039791
-0.086306 391.488300
-0.073907 391.498217
-0.091736 394.304762
-0.166894 394.314215
-0.089186 397.042012
-0.100234 397.051735
-0.098115 399.821724
-0.109434 399.832997
-0.009448 402.466261
-0.031266 402.476879
-0.036720 410.974851
-0.002085 410.988041
0.004676 415.297044
0.017765 415.311099
0.020050 427.420448
0.021562 427.437465
0.017112 433.280225
0.028232 433.296287
0.064684 439.609510
0.073204 439.624620
0.055803 442.867197
0.057115 442.882800
0.060207 446.375846
0.145748 446.389876
0.075675 449.764753
0.139096 449.775820
0.096489 452.782195
0.180921 452.792119
0.095628 455.448015
0.123778 455.456559
0.076965 458.125740
0.095120 458.136424
0.093965 461.113917
0.069751 461.123725
0.201531 463.818070
0.075786 463.827926
0.096335 465.665001
0.052464 465.675296
0.035780 468.331959
0.036410 468.343520
0.032730 472.710369
0.013863 472.724269
-0.009296 477.290711
-0.023434 477.305619
-0.028468 485.880472
-0.040574 485.897456
-0.029567 490.801668
-0.027094 490.819410
-0.043869 495.626710
-0.035999 495.645291
-0.030317 499.586803
-0.041529 499.603172
-0.026547 504.344640
-0.040594 504.361114
-0.001847 509.429880
-0.002493 509.447121
-0.014045 528.688289
-0.027919 528.707544
-0.031801 535.679715
-0.043993 535.696406
-0.042367 540.332226
-0.054508 540.347323
-0.064864 544.371326
-0.078419 544.388086
-0.033242 547.622929
-0.075803 547.637210
-0.046216 552.161065
-0.106920 552.173979
-0.055180 556.012756
-0.100559 556.025404
-0.052424 559.548281
-0.058322 559.561572
0.095974 563.173211
-0.006331 563.186584
-0.089607 565.845264
-0.025954 565.859071
-0.046147 568.611448
-0.052669 568.625135
-0.013718 572.465573
-0.010205 572.479306
-0.005306 579.531614
-0.004191 579.548945
-0.000865 590.896560
-0.000777 590.916746
0.001670 619.005821
0.001841 619.029401
-0.000321 639.241910
-0.001683 650.889284
-0.007294 650.914548
-0.007695 671.109675
-0.020204 671.134140
